service_id,date,exception_type
1,20250530,1
1,20250602,1
1,20250603,1
1,20250604,1
1,20250605,1
1,20250609,1
1,20250610,1
1,20250611,1
1,20250612,1
1,20250613,1
2,20250616,1
2,20250617,1
2,20250618,1
2,20250619,1
2,20250623,1
2,20250624,1
2,20250625,1
2,20250626,1
2,20250627,1
2,20250630,1
2,20250701,1
2,20250702,1
2,20250703,1
2,20250704,1
2,20250707,1
2,20250708,1
2,20250709,1
2,20250710,1
2,20250711,1
2,20250714,1
2,20250715,1
2,20250716,1
2,20250717,1
2,20250718,1
2,20250721,1
2,20250722,1
2,20250723,1
2,20250724,1
2,20250725,1
2,20250728,1
2,20250729,1
2,20250730,1
2,20250731,1
2,20250801,1
2,20250804,1
2,20250805,1
2,20250806,1
2,20250807,1
2,20250808,1
2,20250811,1
2,20250812,1
2,20250813,1
2,20250814,1
2,20250815,1
3,20250620,1
3,20250628,1
3,20250705,1
3,20250712,1
3,20250719,1
3,20250726,1
3,20250802,1
3,20250809,1
3,20250816,1
4,20250531,1
4,20250607,1
4,20250614,1
5,20250530,1
5,20250602,1
5,20250603,1
5,20250604,1
5,20250605,1
5,20250609,1
5,20250610,1
5,20250611,1
5,20250612,1
5,20250613,1
5,20250616,1
5,20250617,1
5,20250618,1
5,20250619,1
5,20250623,1
5,20250624,1
5,20250625,1
5,20250626,1
5,20250627,1
5,20250630,1
5,20250701,1
5,20250702,1
5,20250703,1
5,20250704,1
5,20250707,1
5,20250708,1
5,20250709,1
5,20250710,1
5,20250711,1
5,20250714,1
5,20250715,1
5,20250716,1
5,20250717,1
5,20250718,1
5,20250721,1
5,20250722,1
5,20250723,1
5,20250724,1
5,20250725,1
5,20250728,1
5,20250729,1
5,20250730,1
5,20250731,1
5,20250801,1
5,20250804,1
5,20250805,1
5,20250806,1
5,20250807,1
5,20250808,1
5,20250811,1
5,20250812,1
5,20250813,1
5,20250814,1
5,20250815,1
6,20250531,1
6,20250607,1
6,20250614,1
6,20250620,1
6,20250628,1
6,20250705,1
6,20250712,1
6,20250719,1
6,20250726,1
6,20250802,1
6,20250809,1
6,20250816,1
7,20250529,1
7,20250601,1
7,20250606,1
7,20250608,1
7,20250615,1
7,20250621,1
7,20250622,1
7,20250629,1
7,20250706,1
7,20250713,1
7,20250720,1
7,20250727,1
7,20250803,1
7,20250810,1
7,20250817,1
8,20250529,1
8,20250531,1
8,20250601,1
8,20250606,1
8,20250607,1
8,20250608,1
8,20250614,1
8,20250615,1
8,20250620,1
8,20250621,1
8,20250622,1
8,20250628,1
8,20250629,1
8,20250705,1
8,20250706,1
8,20250712,1
8,20250713,1
8,20250719,1
8,20250720,1
8,20250726,1
8,20250727,1
8,20250802,1
8,20250803,1
8,20250809,1
8,20250810,1
8,20250816,1
8,20250817,1
9,20250602,1
9,20250603,1
9,20250604,1
9,20250605,1
9,20250609,1
9,20250610,1
9,20250611,1
9,20250612,1
9,20250613,1
10,20250530,1
11,20250531,1
11,20250606,1
11,20250607,1
11,20250614,1
12,20250529,1
12,20250531,1
12,20250601,1
12,20250606,1
12,20250607,1
12,20250608,1
12,20250614,1
12,20250615,1
13,20250530,1
13,20250613,1
14,20250602,1
14,20250603,1
14,20250604,1
14,20250605,1
14,20250609,1
14,20250610,1
14,20250611,1
14,20250612,1
15,20250530,1
15,20250531,1
15,20250605,1
15,20250606,1
15,20250607,1
15,20250613,1
15,20250614,1
16,20250529,1
16,20250601,1
16,20250606,1
16,20250608,1
16,20250615,1
17,20250620,1
17,20250621,1
17,20250627,1
17,20250628,1
17,20250704,1
17,20250705,1
17,20250711,1
17,20250712,1
17,20250718,1
17,20250719,1
17,20250725,1
17,20250726,1
17,20250801,1
17,20250802,1
17,20250808,1
17,20250809,1
17,20250815,1
17,20250816,1
18,20250620,1
18,20250621,1
18,20250622,1
18,20250628,1
18,20250629,1
18,20250705,1
18,20250706,1
18,20250712,1
18,20250713,1
18,20250719,1
18,20250720,1
18,20250726,1
18,20250727,1
18,20250802,1
18,20250803,1
18,20250809,1
18,20250810,1
18,20250816,1
18,20250817,1
19,20250621,1
19,20250622,1
19,20250629,1
19,20250706,1
19,20250713,1
19,20250720,1
19,20250727,1
19,20250803,1
19,20250810,1
19,20250817,1
20,20250620,1
20,20250621,1
20,20250628,1
20,20250705,1
20,20250712,1
20,20250719,1
20,20250726,1
20,20250802,1
20,20250809,1
20,20250816,1
21,20250530,1
21,20250531,1
21,20250605,1
21,20250606,1
21,20250607,1
21,20250613,1
21,20250614,1
21,20250620,1
21,20250621,1
21,20250627,1
21,20250628,1
21,20250704,1
21,20250705,1
21,20250711,1
21,20250712,1
21,20250718,1
21,20250719,1
21,20250725,1
21,20250726,1
21,20250801,1
21,20250802,1
21,20250808,1
21,20250809,1
21,20250815,1
21,20250816,1
22,20250530,1
22,20250531,1
22,20250602,1
22,20250603,1
22,20250604,1
22,20250605,1
22,20250607,1
22,20250609,1
22,20250610,1
22,20250611,1
22,20250612,1
22,20250613,1
22,20250614,1
22,20250616,1
22,20250617,1
22,20250618,1
22,20250619,1
22,20250620,1
22,20250623,1
22,20250624,1
22,20250625,1
22,20250626,1
22,20250627,1
22,20250628,1
22,20250630,1
22,20250701,1
22,20250702,1
22,20250703,1
22,20250704,1
22,20250705,1
22,20250707,1
22,20250708,1
22,20250709,1
22,20250710,1
22,20250711,1
22,20250712,1
22,20250714,1
22,20250715,1
22,20250716,1
22,20250717,1
22,20250718,1
22,20250719,1
22,20250721,1
22,20250722,1
22,20250723,1
22,20250724,1
22,20250725,1
22,20250726,1
22,20250728,1
22,20250729,1
22,20250730,1
22,20250731,1
22,20250801,1
22,20250802,1
22,20250804,1
22,20250805,1
22,20250806,1
22,20250807,1
22,20250808,1
22,20250809,1
22,20250811,1
22,20250812,1
22,20250813,1
22,20250814,1
22,20250815,1
22,20250816,1
23,20250627,1
23,20250704,1
23,20250711,1
23,20250718,1
23,20250725,1
23,20250801,1
23,20250808,1
23,20250815,1
24,20250529,1
24,20250530,1
24,20250531,1
24,20250601,1
24,20250602,1
24,20250603,1
24,20250604,1
24,20250605,1
24,20250606,1
24,20250607,1
24,20250608,1
24,20250609,1
24,20250610,1
24,20250611,1
24,20250612,1
24,20250613,1
24,20250614,1
24,20250615,1
24,20250616,1
24,20250617,1
24,20250618,1
24,20250619,1
24,20250620,1
24,20250621,1
24,20250622,1
24,20250623,1
24,20250624,1
24,20250625,1
24,20250626,1
24,20250627,1
24,20250628,1
24,20250629,1
24,20250630,1
24,20250701,1
24,20250702,1
24,20250703,1
24,20250704,1
24,20250705,1
24,20250706,1
24,20250707,1
24,20250708,1
24,20250709,1
24,20250710,1
24,20250711,1
24,20250712,1
24,20250713,1
24,20250714,1
24,20250715,1
24,20250716,1
24,20250717,1
24,20250718,1
24,20250719,1
24,20250720,1
24,20250721,1
24,20250722,1
24,20250723,1
24,20250724,1
24,20250725,1
24,20250726,1
24,20250727,1
24,20250728,1
24,20250729,1
24,20250730,1
24,20250731,1
24,20250801,1
24,20250802,1
24,20250803,1
24,20250804,1
24,20250805,1
24,20250806,1
24,20250807,1
24,20250808,1
24,20250809,1
24,20250810,1
24,20250811,1
24,20250812,1
24,20250813,1
24,20250814,1
24,20250815,1
24,20250816,1
24,20250817,1
25,20250530,1
25,20250605,1
25,20250613,1
26,20250530,1
26,20250603,1
26,20250610,1
26,20250613,1
26,20250617,1
26,20250624,1
26,20250627,1
26,20250701,1
26,20250704,1
26,20250708,1
26,20250711,1
26,20250715,1
26,20250718,1
26,20250722,1
26,20250725,1
26,20250729,1
26,20250801,1
26,20250805,1
26,20250808,1
26,20250812,1
26,20250815,1
27,20250530,1
27,20250602,1
27,20250603,1
27,20250605,1
27,20250609,1
27,20250610,1
27,20250612,1
27,20250613,1
28,20250604,1
28,20250611,1
29,20250605,1
29,20250613,1
30,20250601,1
30,20250608,1
30,20250615,1
31,20250619,1
31,20250627,1
31,20250704,1
31,20250711,1
31,20250718,1
31,20250725,1
31,20250801,1
31,20250808,1
31,20250815,1
32,20250622,1
32,20250629,1
32,20250706,1
32,20250713,1
32,20250720,1
32,20250727,1
32,20250803,1
32,20250810,1
32,20250817,1
33,20250529,1
33,20250530,1
33,20250531,1
33,20250601,1
33,20250602,1
33,20250603,1
33,20250604,1
33,20250605,1
33,20250606,1
33,20250607,1
33,20250608,1
33,20250609,1
33,20250610,1
33,20250611,1
33,20250612,1
33,20250613,1
33,20250614,1
33,20250615,1
33,20250616,1
33,20250617,1
33,20250618,1
33,20250619,1
33,20250621,1
33,20250622,1
33,20250623,1
33,20250624,1
33,20250625,1
33,20250626,1
33,20250627,1
33,20250629,1
33,20250630,1
33,20250701,1
33,20250702,1
33,20250703,1
33,20250704,1
33,20250706,1
33,20250707,1
33,20250708,1
33,20250709,1
33,20250710,1
33,20250711,1
33,20250713,1
33,20250714,1
33,20250715,1
33,20250716,1
33,20250717,1
33,20250718,1
33,20250720,1
33,20250721,1
33,20250722,1
33,20250723,1
33,20250724,1
33,20250725,1
33,20250727,1
33,20250728,1
33,20250729,1
33,20250730,1
33,20250731,1
33,20250801,1
33,20250803,1
33,20250804,1
33,20250805,1
33,20250806,1
33,20250807,1
33,20250808,1
33,20250810,1
33,20250811,1
33,20250812,1
33,20250813,1
33,20250814,1
33,20250815,1
33,20250817,1
34,20250530,1
34,20250602,1
34,20250603,1
34,20250604,1
34,20250605,1
34,20250609,1
34,20250610,1
34,20250611,1
34,20250612,1
34,20250613,1
34,20250616,1
34,20250617,1
34,20250618,1
34,20250619,1
34,20250620,1
34,20250623,1
34,20250624,1
34,20250625,1
34,20250626,1
34,20250627,1
34,20250628,1
34,20250630,1
34,20250701,1
34,20250702,1
34,20250703,1
34,20250704,1
34,20250705,1
34,20250707,1
34,20250708,1
34,20250709,1
34,20250710,1
34,20250711,1
34,20250712,1
34,20250714,1
34,20250715,1
34,20250716,1
34,20250717,1
34,20250718,1
34,20250719,1
34,20250721,1
34,20250722,1
34,20250723,1
34,20250724,1
34,20250725,1
34,20250726,1
34,20250728,1
34,20250729,1
34,20250730,1
34,20250731,1
34,20250801,1
34,20250802,1
34,20250804,1
34,20250805,1
34,20250806,1
34,20250807,1
34,20250808,1
34,20250809,1
34,20250811,1
34,20250812,1
34,20250813,1
34,20250814,1
34,20250815,1
34,20250816,1
35,20250529,1
35,20250530,1
35,20250531,1
35,20250601,1
35,20250602,1
35,20250603,1
35,20250604,1
35,20250605,1
35,20250606,1
35,20250607,1
35,20250608,1
35,20250609,1
35,20250610,1
35,20250611,1
35,20250612,1
35,20250613,1
35,20250614,1
35,20250615,1
35,20250616,1
35,20250617,1
35,20250618,1
35,20250619,1
35,20250623,1
35,20250624,1
35,20250625,1
35,20250626,1
35,20250627,1
35,20250630,1
35,20250701,1
35,20250702,1
35,20250703,1
35,20250704,1
35,20250707,1
35,20250708,1
35,20250709,1
35,20250710,1
35,20250711,1
35,20250714,1
35,20250715,1
35,20250716,1
35,20250717,1
35,20250718,1
35,20250721,1
35,20250722,1
35,20250723,1
35,20250724,1
35,20250725,1
35,20250728,1
35,20250729,1
35,20250730,1
35,20250731,1
35,20250801,1
35,20250804,1
35,20250805,1
35,20250806,1
35,20250807,1
35,20250808,1
35,20250811,1
35,20250812,1
35,20250813,1
35,20250814,1
35,20250815,1
36,20250530,1
36,20250531,1
36,20250605,1
36,20250607,1
36,20250613,1
36,20250614,1
36,20250620,1
36,20250627,1
36,20250628,1
36,20250704,1
36,20250705,1
36,20250711,1
36,20250712,1
36,20250718,1
36,20250719,1
36,20250725,1
36,20250726,1
36,20250801,1
36,20250802,1
36,20250808,1
36,20250809,1
36,20250815,1
36,20250816,1
37,20250530,1
37,20250602,1
37,20250603,1
37,20250604,1
37,20250605,1
37,20250609,1
37,20250610,1
37,20250611,1
37,20250612,1
37,20250613,1
37,20250616,1
37,20250617,1
37,20250618,1
37,20250619,1
37,20250620,1
37,20250621,1
37,20250622,1
37,20250623,1
37,20250624,1
37,20250625,1
37,20250626,1
37,20250627,1
37,20250628,1
37,20250629,1
37,20250630,1
37,20250701,1
37,20250702,1
37,20250703,1
37,20250704,1
37,20250705,1
37,20250706,1
37,20250707,1
37,20250708,1
37,20250709,1
37,20250710,1
37,20250711,1
37,20250712,1
37,20250713,1
37,20250714,1
37,20250715,1
37,20250716,1
37,20250717,1
37,20250718,1
37,20250719,1
37,20250720,1
37,20250721,1
37,20250722,1
37,20250723,1
37,20250724,1
37,20250725,1
37,20250726,1
37,20250727,1
37,20250728,1
37,20250729,1
37,20250730,1
37,20250731,1
37,20250801,1
37,20250802,1
37,20250803,1
37,20250804,1
37,20250805,1
37,20250806,1
37,20250807,1
37,20250808,1
37,20250809,1
37,20250810,1
37,20250811,1
37,20250812,1
37,20250813,1
37,20250814,1
37,20250815,1
37,20250816,1
37,20250817,1
38,20250529,1
38,20250530,1
38,20250601,1
38,20250602,1
38,20250603,1
38,20250604,1
38,20250605,1
38,20250606,1
38,20250608,1
38,20250609,1
38,20250610,1
38,20250611,1
38,20250612,1
38,20250613,1
38,20250615,1
38,20250616,1
38,20250617,1
38,20250618,1
38,20250619,1
38,20250621,1
38,20250622,1
38,20250623,1
38,20250624,1
38,20250625,1
38,20250626,1
38,20250627,1
38,20250629,1
38,20250630,1
38,20250701,1
38,20250702,1
38,20250703,1
38,20250704,1
38,20250706,1
38,20250707,1
38,20250708,1
38,20250709,1
38,20250710,1
38,20250711,1
38,20250713,1
38,20250714,1
38,20250715,1
38,20250716,1
38,20250717,1
38,20250718,1
38,20250720,1
38,20250721,1
38,20250722,1
38,20250723,1
38,20250724,1
38,20250725,1
38,20250727,1
38,20250728,1
38,20250729,1
38,20250730,1
38,20250731,1
38,20250801,1
38,20250803,1
38,20250804,1
38,20250805,1
38,20250806,1
38,20250807,1
38,20250808,1
38,20250810,1
38,20250811,1
38,20250812,1
38,20250813,1
38,20250814,1
38,20250815,1
38,20250817,1
39,20250531,1
39,20250606,1
39,20250607,1
39,20250614,1
39,20250620,1
39,20250628,1
39,20250705,1
39,20250712,1
39,20250719,1
39,20250726,1
39,20250802,1
39,20250809,1
39,20250816,1
40,20250530,1
40,20250602,1
40,20250603,1
40,20250604,1
40,20250605,1
40,20250609,1
40,20250610,1
40,20250611,1
40,20250612,1
40,20250613,1
40,20250616,1
40,20250617,1
40,20250618,1
40,20250619,1
40,20250621,1
40,20250622,1
40,20250623,1
40,20250624,1
40,20250625,1
40,20250626,1
40,20250627,1
40,20250629,1
40,20250630,1
40,20250701,1
40,20250702,1
40,20250703,1
40,20250704,1
40,20250706,1
40,20250707,1
40,20250708,1
40,20250709,1
40,20250710,1
40,20250711,1
40,20250713,1
40,20250714,1
40,20250715,1
40,20250716,1
40,20250717,1
40,20250718,1
40,20250720,1
40,20250721,1
40,20250722,1
40,20250723,1
40,20250724,1
40,20250725,1
40,20250727,1
40,20250728,1
40,20250729,1
40,20250730,1
40,20250731,1
40,20250801,1
40,20250803,1
40,20250804,1
40,20250805,1
40,20250806,1
40,20250807,1
40,20250808,1
40,20250810,1
40,20250811,1
40,20250812,1
40,20250813,1
40,20250814,1
40,20250815,1
40,20250817,1
41,20250616,1
41,20250617,1
41,20250618,1
41,20250619,1
41,20250620,1
41,20250623,1
41,20250624,1
41,20250625,1
41,20250626,1
41,20250627,1
41,20250628,1
41,20250630,1
41,20250701,1
41,20250702,1
41,20250703,1
41,20250704,1
41,20250705,1
41,20250707,1
41,20250708,1
41,20250709,1
41,20250710,1
41,20250711,1
41,20250712,1
41,20250714,1
41,20250715,1
41,20250716,1
41,20250717,1
41,20250718,1
41,20250719,1
41,20250721,1
41,20250722,1
41,20250723,1
41,20250724,1
41,20250725,1
41,20250726,1
41,20250728,1
41,20250729,1
41,20250730,1
41,20250731,1
41,20250801,1
41,20250802,1
41,20250804,1
41,20250805,1
41,20250806,1
41,20250807,1
41,20250808,1
41,20250809,1
41,20250811,1
41,20250812,1
41,20250813,1
41,20250814,1
41,20250815,1
41,20250816,1
42,20250530,1
42,20250531,1
42,20250602,1
42,20250603,1
42,20250604,1
42,20250605,1
42,20250607,1
42,20250609,1
42,20250610,1
42,20250611,1
42,20250612,1
42,20250613,1
42,20250614,1
43,20250529,1
43,20250530,1
43,20250531,1
43,20250601,1
43,20250602,1
43,20250603,1
43,20250604,1
43,20250605,1
43,20250606,1
43,20250607,1
43,20250608,1
43,20250609,1
43,20250610,1
43,20250611,1
43,20250612,1
43,20250613,1
43,20250614,1
43,20250615,1
44,20250616,1
44,20250617,1
44,20250618,1
44,20250619,1
44,20250620,1
44,20250621,1
44,20250622,1
44,20250623,1
44,20250624,1
44,20250625,1
44,20250626,1
44,20250627,1
44,20250628,1
44,20250629,1
44,20250630,1
44,20250701,1
44,20250702,1
44,20250703,1
44,20250704,1
44,20250705,1
44,20250706,1
44,20250707,1
44,20250708,1
44,20250709,1
44,20250710,1
44,20250711,1
44,20250712,1
44,20250713,1
44,20250714,1
44,20250715,1
44,20250716,1
44,20250717,1
44,20250718,1
44,20250719,1
44,20250720,1
44,20250721,1
44,20250722,1
44,20250723,1
44,20250724,1
44,20250725,1
44,20250726,1
44,20250727,1
44,20250728,1
44,20250729,1
44,20250730,1
44,20250731,1
44,20250801,1
44,20250802,1
44,20250803,1
44,20250804,1
44,20250805,1
44,20250806,1
44,20250807,1
44,20250808,1
44,20250809,1
44,20250810,1
44,20250811,1
44,20250812,1
44,20250813,1
44,20250814,1
44,20250815,1
44,20250816,1
44,20250817,1
45,20250529,1
45,20250530,1
45,20250601,1
45,20250602,1
45,20250603,1
45,20250604,1
45,20250605,1
45,20250606,1
45,20250608,1
45,20250609,1
45,20250610,1
45,20250611,1
45,20250612,1
45,20250613,1
45,20250615,1
45,20250621,1
45,20250622,1
45,20250629,1
45,20250706,1
45,20250713,1
45,20250720,1
45,20250727,1
45,20250803,1
45,20250810,1
45,20250817,1
46,20250621,1
46,20250627,1
46,20250704,1
46,20250711,1
46,20250718,1
46,20250725,1
46,20250801,1
46,20250808,1
46,20250815,1
47,20250531,1
47,20250607,1
47,20250614,1
47,20250620,1
47,20250621,1
47,20250622,1
47,20250628,1
47,20250629,1
47,20250705,1
47,20250706,1
47,20250712,1
47,20250713,1
47,20250719,1
47,20250720,1
47,20250726,1
47,20250727,1
47,20250802,1
47,20250803,1
47,20250809,1
47,20250810,1
47,20250816,1
47,20250817,1
48,20250529,1
48,20250601,1
48,20250606,1
48,20250608,1
48,20250615,1
48,20250620,1
48,20250621,1
48,20250622,1
48,20250628,1
48,20250629,1
48,20250705,1
48,20250706,1
48,20250712,1
48,20250713,1
48,20250719,1
48,20250720,1
48,20250726,1
48,20250727,1
48,20250802,1
48,20250803,1
48,20250809,1
48,20250810,1
48,20250816,1
48,20250817,1
49,20250530,1
49,20250605,1
49,20250606,1
49,20250613,1
50,20250603,1
50,20250605,1
50,20250610,1
50,20250612,1
51,20250617,1
51,20250619,1
51,20250624,1
51,20250626,1
51,20250701,1
51,20250703,1
51,20250708,1
51,20250710,1
51,20250715,1
51,20250717,1
51,20250722,1
51,20250724,1
51,20250729,1
51,20250731,1
51,20250805,1
51,20250807,1
51,20250812,1
51,20250814,1
52,20250620,1
52,20250627,1
52,20250628,1
52,20250704,1
52,20250705,1
52,20250711,1
52,20250712,1
52,20250718,1
52,20250719,1
52,20250725,1
52,20250726,1
52,20250801,1
52,20250802,1
52,20250808,1
52,20250809,1
52,20250815,1
52,20250816,1
53,20250606,1
54,20250621,1
55,20250604,1
55,20250611,1
55,20250613,1
56,20250602,1
56,20250603,1
56,20250605,1
56,20250609,1
56,20250610,1
56,20250612,1
56,20250613,1
57,20250530,1
57,20250604,1
57,20250611,1
57,20250613,1
58,20250531,1
58,20250607,1
58,20250614,1
58,20250616,1
58,20250617,1
58,20250618,1
58,20250619,1
58,20250620,1
58,20250623,1
58,20250624,1
58,20250625,1
58,20250626,1
58,20250627,1
58,20250628,1
58,20250630,1
58,20250701,1
58,20250702,1
58,20250703,1
58,20250704,1
58,20250705,1
58,20250707,1
58,20250708,1
58,20250709,1
58,20250710,1
58,20250711,1
58,20250712,1
58,20250714,1
58,20250715,1
58,20250716,1
58,20250717,1
58,20250718,1
58,20250719,1
58,20250721,1
58,20250722,1
58,20250723,1
58,20250724,1
58,20250725,1
58,20250726,1
58,20250728,1
58,20250729,1
58,20250730,1
58,20250731,1
58,20250801,1
58,20250802,1
58,20250804,1
58,20250805,1
58,20250806,1
58,20250807,1
58,20250808,1
58,20250809,1
58,20250811,1
58,20250812,1
58,20250813,1
58,20250814,1
58,20250815,1
58,20250816,1
59,20250616,1
59,20250617,1
59,20250618,1
59,20250619,1
59,20250623,1
59,20250624,1
59,20250625,1
59,20250626,1
59,20250630,1
59,20250701,1
59,20250702,1
59,20250703,1
59,20250707,1
59,20250708,1
59,20250709,1
59,20250710,1
59,20250714,1
59,20250715,1
59,20250716,1
59,20250717,1
59,20250721,1
59,20250722,1
59,20250723,1
59,20250724,1
59,20250728,1
59,20250729,1
59,20250730,1
59,20250731,1
59,20250804,1
59,20250805,1
59,20250806,1
59,20250807,1
59,20250811,1
59,20250812,1
59,20250813,1
59,20250814,1
60,20250531,1
60,20250606,1
60,20250607,1
60,20250614,1
60,20250620,1
60,20250621,1
60,20250628,1
60,20250705,1
60,20250712,1
60,20250719,1
60,20250726,1
60,20250802,1
60,20250809,1
60,20250816,1
61,20250530,1
61,20250605,1
61,20250613,1
61,20250627,1
61,20250704,1
61,20250711,1
61,20250718,1
61,20250725,1
61,20250801,1
61,20250808,1
61,20250815,1
62,20250529,1
62,20250530,1
62,20250601,1
62,20250602,1
62,20250603,1
62,20250604,1
62,20250605,1
62,20250606,1
62,20250608,1
62,20250609,1
62,20250610,1
62,20250611,1
62,20250612,1
62,20250613,1
62,20250615,1
63,20250616,1
63,20250617,1
63,20250618,1
63,20250619,1
63,20250621,1
63,20250622,1
63,20250623,1
63,20250624,1
63,20250625,1
63,20250626,1
63,20250627,1
63,20250629,1
63,20250630,1
63,20250701,1
63,20250702,1
63,20250703,1
63,20250704,1
63,20250706,1
63,20250707,1
63,20250708,1
63,20250709,1
63,20250710,1
63,20250711,1
63,20250713,1
63,20250714,1
63,20250715,1
63,20250716,1
63,20250717,1
63,20250718,1
63,20250720,1
63,20250721,1
63,20250722,1
63,20250723,1
63,20250724,1
63,20250725,1
63,20250727,1
63,20250728,1
63,20250729,1
63,20250730,1
63,20250731,1
63,20250801,1
63,20250803,1
63,20250804,1
63,20250805,1
63,20250806,1
63,20250807,1
63,20250808,1
63,20250810,1
63,20250811,1
63,20250812,1
63,20250813,1
63,20250814,1
63,20250815,1
63,20250817,1
64,20250530,1
64,20250531,1
64,20250602,1
64,20250603,1
64,20250604,1
64,20250605,1
64,20250606,1
64,20250609,1
64,20250610,1
64,20250611,1
64,20250612,1
64,20250613,1
64,20250614,1
65,20250529,1
65,20250530,1
65,20250531,1
65,20250601,1
65,20250602,1
65,20250603,1
65,20250604,1
65,20250605,1
65,20250606,1
65,20250607,1
65,20250609,1
65,20250610,1
65,20250611,1
65,20250612,1
65,20250613,1
65,20250614,1
65,20250615,1
66,20250616,1
66,20250617,1
66,20250618,1
66,20250619,1
66,20250620,1
66,20250621,1
66,20250622,1
66,20250623,1
66,20250624,1
66,20250625,1
66,20250626,1
66,20250627,1
66,20250628,1
66,20250629,1
66,20250630,1
66,20250701,1
66,20250702,1
66,20250703,1
66,20250704,1
66,20250705,1
66,20250706,1
66,20250707,1
66,20250708,1
66,20250709,1
66,20250710,1
66,20250711,1
66,20250712,1
66,20250713,1
66,20250714,1
66,20250715,1
66,20250716,1
66,20250717,1
66,20250718,1
66,20250719,1
66,20250720,1
66,20250721,1
66,20250722,1
66,20250723,1
66,20250724,1
66,20250725,1
66,20250726,1
66,20250727,1
66,20250728,1
66,20250729,1
66,20250730,1
66,20250801,1
66,20250802,1
66,20250803,1
66,20250804,1
66,20250805,1
66,20250806,1
66,20250807,1
66,20250808,1
66,20250809,1
66,20250810,1
66,20250811,1
66,20250812,1
66,20250813,1
66,20250814,1
66,20250815,1
66,20250816,1
66,20250817,1
67,20250608,1
68,20250616,1
68,20250617,1
68,20250618,1
68,20250619,1
68,20250623,1
68,20250624,1
68,20250625,1
68,20250626,1
68,20250627,1
68,20250630,1
68,20250701,1
68,20250702,1
68,20250703,1
68,20250704,1
68,20250707,1
68,20250708,1
68,20250709,1
68,20250710,1
68,20250711,1
68,20250714,1
68,20250715,1
68,20250716,1
68,20250717,1
68,20250718,1
68,20250721,1
68,20250722,1
68,20250723,1
68,20250724,1
68,20250725,1
68,20250728,1
68,20250729,1
68,20250730,1
68,20250801,1
68,20250804,1
68,20250805,1
68,20250806,1
68,20250807,1
68,20250808,1
68,20250811,1
68,20250812,1
68,20250813,1
68,20250814,1
68,20250815,1
69,20250616,1
69,20250617,1
69,20250618,1
69,20250619,1
69,20250620,1
69,20250621,1
69,20250622,1
69,20250623,1
69,20250624,1
69,20250625,1
69,20250626,1
69,20250627,1
69,20250628,1
69,20250629,1
69,20250630,1
69,20250701,1
69,20250702,1
69,20250703,1
69,20250704,1
69,20250705,1
69,20250706,1
69,20250712,1
69,20250713,1
69,20250719,1
69,20250720,1
69,20250726,1
69,20250727,1
69,20250801,1
69,20250802,1
69,20250803,1
69,20250804,1
69,20250805,1
69,20250806,1
69,20250807,1
69,20250808,1
69,20250809,1
69,20250810,1
69,20250811,1
69,20250812,1
69,20250813,1
69,20250814,1
69,20250815,1
69,20250816,1
69,20250817,1
70,20250529,1
70,20250530,1
70,20250601,1
70,20250602,1
70,20250603,1
70,20250604,1
70,20250605,1
70,20250609,1
70,20250610,1
70,20250611,1
70,20250612,1
70,20250613,1
70,20250615,1
71,20250530,1
71,20250531,1
71,20250601,1
71,20250602,1
71,20250603,1
71,20250604,1
71,20250605,1
71,20250606,1
71,20250607,1
71,20250608,1
71,20250609,1
71,20250610,1
71,20250611,1
71,20250612,1
71,20250613,1
71,20250614,1
71,20250615,1
72,20250529,1
73,20250531,1
73,20250601,1
73,20250606,1
73,20250607,1
73,20250608,1
73,20250614,1
73,20250615,1
74,20250616,1
74,20250617,1
74,20250618,1
74,20250619,1
74,20250621,1
74,20250622,1
74,20250623,1
74,20250624,1
74,20250625,1
74,20250626,1
74,20250627,1
74,20250629,1
74,20250630,1
74,20250701,1
74,20250702,1
74,20250703,1
74,20250704,1
74,20250706,1
74,20250707,1
74,20250708,1
74,20250709,1
74,20250710,1
74,20250711,1
74,20250713,1
74,20250714,1
74,20250715,1
74,20250716,1
74,20250717,1
74,20250718,1
74,20250720,1
74,20250721,1
74,20250722,1
74,20250723,1
74,20250724,1
74,20250725,1
74,20250727,1
74,20250728,1
74,20250729,1
74,20250730,1
74,20250801,1
74,20250803,1
74,20250804,1
74,20250805,1
74,20250806,1
74,20250807,1
74,20250808,1
74,20250810,1
74,20250811,1
74,20250812,1
74,20250813,1
74,20250814,1
74,20250815,1
74,20250817,1
75,20250529,1
75,20250608,1
76,20250529,1
76,20250601,1
76,20250608,1
76,20250615,1
76,20250621,1
76,20250622,1
76,20250629,1
76,20250706,1
76,20250713,1
76,20250720,1
76,20250727,1
76,20250803,1
76,20250810,1
76,20250817,1
77,20250601,1
77,20250615,1
77,20250621,1
77,20250622,1
77,20250629,1
77,20250706,1
77,20250713,1
77,20250720,1
77,20250727,1
77,20250803,1
77,20250810,1
77,20250817,1
78,20250601,1
78,20250608,1
78,20250615,1
78,20250621,1
78,20250622,1
78,20250629,1
78,20250706,1
78,20250713,1
78,20250720,1
78,20250727,1
78,20250803,1
78,20250810,1
78,20250817,1
79,20250530,1
79,20250602,1
79,20250603,1
79,20250604,1
79,20250605,1
79,20250610,1
79,20250611,1
79,20250612,1
79,20250613,1
79,20250616,1
79,20250617,1
79,20250618,1
79,20250619,1
79,20250623,1
79,20250624,1
79,20250625,1
79,20250626,1
79,20250627,1
79,20250630,1
79,20250701,1
79,20250702,1
79,20250703,1
79,20250704,1
79,20250707,1
79,20250708,1
79,20250709,1
79,20250710,1
79,20250711,1
79,20250714,1
79,20250715,1
79,20250716,1
79,20250717,1
79,20250718,1
79,20250721,1
79,20250722,1
79,20250723,1
79,20250724,1
79,20250725,1
79,20250728,1
79,20250729,1
79,20250730,1
79,20250731,1
79,20250801,1
79,20250804,1
79,20250805,1
79,20250806,1
79,20250807,1
79,20250808,1
79,20250811,1
79,20250812,1
79,20250813,1
79,20250814,1
79,20250815,1
80,20250609,1
81,20250530,1
81,20250531,1
81,20250601,1
81,20250602,1
81,20250603,1
81,20250604,1
81,20250605,1
81,20250606,1
81,20250607,1
81,20250609,1
81,20250610,1
81,20250611,1
81,20250612,1
81,20250613,1
81,20250614,1
81,20250615,1
81,20250616,1
81,20250617,1
81,20250618,1
81,20250619,1
81,20250620,1
81,20250621,1
81,20250622,1
81,20250623,1
81,20250624,1
81,20250625,1
81,20250626,1
81,20250627,1
81,20250628,1
81,20250629,1
81,20250630,1
81,20250701,1
81,20250702,1
81,20250703,1
81,20250704,1
81,20250705,1
81,20250706,1
81,20250707,1
81,20250708,1
81,20250709,1
81,20250710,1
81,20250711,1
81,20250712,1
81,20250713,1
81,20250714,1
81,20250715,1
81,20250716,1
81,20250717,1
81,20250718,1
81,20250719,1
81,20250720,1
81,20250721,1
81,20250722,1
81,20250723,1
81,20250724,1
81,20250725,1
81,20250726,1
81,20250727,1
81,20250728,1
81,20250729,1
81,20250730,1
81,20250731,1
81,20250801,1
81,20250802,1
81,20250803,1
81,20250804,1
81,20250805,1
81,20250806,1
81,20250807,1
81,20250808,1
81,20250809,1
81,20250810,1
81,20250811,1
81,20250812,1
81,20250813,1
81,20250814,1
81,20250815,1
81,20250816,1
81,20250817,1
82,20250530,1
82,20250531,1
82,20250602,1
82,20250603,1
82,20250604,1
82,20250605,1
82,20250606,1
82,20250607,1
82,20250609,1
82,20250610,1
82,20250611,1
82,20250612,1
82,20250613,1
82,20250614,1
83,20250529,1
83,20250530,1
83,20250531,1
83,20250601,1
83,20250602,1
83,20250603,1
83,20250604,1
83,20250605,1
83,20250606,1
83,20250607,1
83,20250608,1
83,20250609,1
83,20250610,1
83,20250611,1
84,20250529,1
84,20250531,1
84,20250601,1
84,20250606,1
84,20250607,1
84,20250608,1
85,20250530,1
85,20250602,1
85,20250603,1
85,20250604,1
85,20250605,1
85,20250609,1
85,20250610,1
85,20250611,1
85,20250612,1
86,20250529,1
86,20250530,1
86,20250531,1
86,20250601,1
86,20250602,1
86,20250603,1
86,20250604,1
86,20250605,1
86,20250606,1
86,20250607,1
86,20250608,1
86,20250609,1
86,20250610,1
86,20250611,1
86,20250612,1
86,20250613,1
86,20250614,1
86,20250615,1
86,20250620,1
86,20250621,1
86,20250622,1
86,20250628,1
86,20250629,1
86,20250705,1
86,20250706,1
86,20250712,1
86,20250713,1
86,20250719,1
86,20250720,1
86,20250726,1
86,20250727,1
86,20250802,1
86,20250803,1
86,20250809,1
86,20250810,1
86,20250816,1
86,20250817,1
87,20250530,1
87,20250531,1
87,20250602,1
87,20250603,1
87,20250604,1
87,20250605,1
87,20250607,1
87,20250609,1
87,20250610,1
87,20250611,1
87,20250612,1
87,20250613,1
87,20250614,1
87,20250620,1
87,20250628,1
87,20250705,1
87,20250712,1
87,20250719,1
87,20250726,1
87,20250802,1
87,20250809,1
87,20250816,1
88,20250529,1
88,20250531,1
88,20250601,1
88,20250606,1
88,20250607,1
88,20250608,1
88,20250614,1
88,20250615,1
88,20250621,1
88,20250622,1
88,20250629,1
88,20250706,1
88,20250713,1
88,20250720,1
88,20250727,1
88,20250803,1
88,20250810,1
88,20250817,1
89,20250531,1
89,20250607,1
89,20250614,1
89,20250621,1
89,20250622,1
89,20250629,1
89,20250706,1
89,20250713,1
89,20250720,1
89,20250727,1
89,20250803,1
89,20250810,1
89,20250817,1
90,20250529,1
90,20250601,1
90,20250606,1
90,20250608,1
90,20250615,1
90,20250620,1
90,20250628,1
90,20250705,1
90,20250712,1
90,20250719,1
90,20250726,1
90,20250802,1
90,20250809,1
90,20250816,1
91,20250529,1
91,20250531,1
91,20250601,1
91,20250606,1
91,20250607,1
91,20250608,1
91,20250614,1
91,20250615,1
91,20250616,1
91,20250617,1
91,20250618,1
91,20250619,1
91,20250620,1
91,20250621,1
91,20250622,1
91,20250623,1
91,20250624,1
91,20250625,1
91,20250626,1
91,20250627,1
91,20250628,1
91,20250629,1
91,20250630,1
91,20250701,1
91,20250702,1
91,20250703,1
91,20250704,1
91,20250705,1
91,20250706,1
91,20250707,1
91,20250708,1
91,20250709,1
91,20250710,1
91,20250711,1
91,20250712,1
91,20250713,1
91,20250714,1
91,20250715,1
91,20250716,1
91,20250717,1
91,20250718,1
91,20250719,1
91,20250720,1
91,20250721,1
91,20250722,1
91,20250723,1
91,20250724,1
91,20250725,1
91,20250726,1
91,20250727,1
91,20250728,1
91,20250729,1
91,20250730,1
91,20250731,1
91,20250801,1
91,20250802,1
91,20250803,1
91,20250804,1
91,20250805,1
91,20250806,1
91,20250807,1
91,20250808,1
91,20250809,1
91,20250810,1
91,20250811,1
91,20250812,1
91,20250813,1
91,20250814,1
91,20250815,1
91,20250816,1
91,20250817,1
92,20250531,1
92,20250607,1
92,20250614,1
92,20250616,1
92,20250617,1
92,20250618,1
92,20250619,1
92,20250623,1
92,20250624,1
92,20250625,1
92,20250626,1
92,20250627,1
92,20250630,1
92,20250701,1
92,20250702,1
92,20250703,1
92,20250704,1
92,20250707,1
92,20250708,1
92,20250709,1
92,20250710,1
92,20250711,1
92,20250714,1
92,20250715,1
92,20250716,1
92,20250717,1
92,20250718,1
92,20250721,1
92,20250722,1
92,20250723,1
92,20250724,1
92,20250725,1
92,20250728,1
92,20250729,1
92,20250730,1
92,20250731,1
92,20250801,1
92,20250804,1
92,20250805,1
92,20250806,1
92,20250807,1
92,20250808,1
92,20250811,1
92,20250812,1
92,20250813,1
92,20250814,1
92,20250815,1
93,20250530,1
93,20250602,1
93,20250603,1
93,20250604,1
93,20250605,1
93,20250609,1
93,20250610,1
93,20250611,1
93,20250612,1
93,20250613,1
93,20250620,1
93,20250628,1
93,20250705,1
93,20250712,1
93,20250719,1
93,20250726,1
93,20250802,1
93,20250809,1
93,20250816,1
94,20250529,1
94,20250530,1
94,20250531,1
94,20250601,1
94,20250602,1
94,20250603,1
94,20250604,1
94,20250605,1
94,20250606,1
94,20250607,1
94,20250608,1
94,20250609,1
94,20250610,1
94,20250611,1
94,20250612,1
94,20250613,1
94,20250614,1
94,20250615,1
94,20250621,1
94,20250622,1
94,20250629,1
94,20250706,1
94,20250713,1
94,20250720,1
94,20250727,1
94,20250803,1
94,20250810,1
94,20250817,1
95,20250707,1
95,20250708,1
95,20250709,1
95,20250710,1
95,20250711,1
95,20250714,1
95,20250715,1
95,20250716,1
95,20250717,1
95,20250718,1
95,20250721,1
95,20250722,1
95,20250723,1
95,20250724,1
95,20250725,1
95,20250728,1
95,20250729,1
95,20250730,1
95,20250806,1
95,20250807,1
95,20250808,1
96,20250530,1
96,20250601,1
96,20250602,1
96,20250603,1
96,20250604,1
96,20250605,1
96,20250608,1
96,20250609,1
96,20250610,1
96,20250611,1
96,20250612,1
96,20250613,1
97,20250601,1
97,20250608,1
98,20250529,1
98,20250601,1
98,20250608,1
98,20250615,1
99,20250530,1
99,20250601,1
99,20250602,1
99,20250603,1
99,20250604,1
99,20250605,1
99,20250609,1
99,20250610,1
99,20250611,1
99,20250612,1
99,20250613,1
99,20250615,1
100,20250817,1
101,20250616,1
101,20250617,1
101,20250618,1
101,20250619,1
101,20250623,1
101,20250624,1
101,20250625,1
101,20250626,1
101,20250627,1
101,20250630,1
101,20250701,1
101,20250702,1
101,20250703,1
101,20250704,1
101,20250707,1
101,20250708,1
101,20250709,1
101,20250710,1
101,20250711,1
101,20250714,1
101,20250715,1
101,20250716,1
101,20250717,1
101,20250718,1
101,20250721,1
101,20250722,1
101,20250723,1
101,20250724,1
101,20250725,1
101,20250728,1
101,20250729,1
101,20250730,1
101,20250731,1
101,20250801,1
101,20250804,1
101,20250805,1
101,20250806,1
101,20250807,1
101,20250808,1
101,20250811,1
101,20250812,1
101,20250813,1
101,20250814,1
101,20250815,1
101,20250817,1
102,20250616,1
102,20250617,1
102,20250618,1
102,20250619,1
102,20250620,1
102,20250622,1
102,20250623,1
102,20250624,1
102,20250625,1
102,20250626,1
102,20250627,1
102,20250628,1
102,20250629,1
102,20250630,1
102,20250701,1
102,20250702,1
102,20250703,1
102,20250704,1
102,20250705,1
102,20250706,1
102,20250707,1
102,20250708,1
102,20250709,1
102,20250710,1
102,20250711,1
102,20250712,1
102,20250713,1
102,20250714,1
102,20250715,1
102,20250716,1
102,20250717,1
102,20250718,1
102,20250719,1
102,20250720,1
102,20250721,1
102,20250722,1
102,20250723,1
102,20250724,1
102,20250725,1
102,20250726,1
102,20250727,1
102,20250728,1
102,20250729,1
102,20250730,1
102,20250731,1
102,20250801,1
102,20250802,1
102,20250803,1
102,20250804,1
102,20250805,1
102,20250806,1
102,20250807,1
102,20250808,1
102,20250809,1
102,20250810,1
102,20250811,1
102,20250812,1
102,20250813,1
102,20250814,1
102,20250815,1
102,20250816,1
102,20250817,1
103,20250615,1
104,20250531,1
104,20250601,1
104,20250606,1
104,20250607,1
104,20250608,1
104,20250614,1
105,20250609,1
105,20250610,1
105,20250611,1
105,20250612,1
105,20250613,1
106,20250530,1
106,20250531,1
106,20250601,1
106,20250602,1
106,20250603,1
106,20250604,1
106,20250605,1
106,20250606,1
106,20250607,1
106,20250609,1
106,20250610,1
106,20250611,1
106,20250612,1
106,20250613,1
106,20250614,1
106,20250615,1
107,20250620,1
107,20250621,1
107,20250622,1
107,20250628,1
107,20250629,1
107,20250705,1
107,20250706,1
107,20250712,1
107,20250713,1
107,20250719,1
107,20250720,1
107,20250726,1
107,20250727,1
107,20250802,1
107,20250803,1
107,20250809,1
107,20250810,1
107,20250816,1
108,20250529,1
108,20250530,1
108,20250601,1
108,20250602,1
108,20250603,1
108,20250604,1
108,20250605,1
108,20250608,1
108,20250609,1
108,20250610,1
108,20250611,1
108,20250612,1
108,20250613,1
109,20250601,1
110,20250531,1
110,20250606,1
110,20250607,1
110,20250614,1
110,20250615,1
111,20250531,1
111,20250601,1
111,20250602,1
111,20250603,1
111,20250604,1
111,20250605,1
111,20250606,1
111,20250607,1
111,20250608,1
111,20250609,1
111,20250610,1
111,20250611,1
111,20250612,1
111,20250613,1
112,20250531,1
112,20250606,1
112,20250607,1
113,20250705,1
113,20250712,1
113,20250719,1
113,20250726,1
113,20250802,1
113,20250809,1
113,20250816,1
114,20250702,1
114,20250703,1
114,20250704,1
114,20250801,1
114,20250804,1
114,20250805,1
114,20250806,1
114,20250807,1
114,20250808,1
114,20250811,1
114,20250812,1
114,20250813,1
114,20250814,1
114,20250815,1
115,20250616,1
115,20250617,1
115,20250618,1
115,20250619,1
115,20250623,1
115,20250624,1
115,20250625,1
115,20250626,1
115,20250627,1
115,20250630,1
115,20250701,1
115,20250702,1
115,20250703,1
115,20250704,1
115,20250801,1
115,20250804,1
115,20250805,1
115,20250806,1
115,20250807,1
115,20250808,1
115,20250811,1
115,20250812,1
115,20250813,1
115,20250814,1
115,20250815,1
116,20250701,1
116,20250702,1
116,20250703,1
116,20250704,1
116,20250707,1
116,20250708,1
116,20250709,1
116,20250710,1
116,20250711,1
116,20250714,1
116,20250715,1
116,20250716,1
116,20250717,1
116,20250718,1
116,20250721,1
116,20250722,1
116,20250723,1
116,20250724,1
116,20250725,1
116,20250728,1
116,20250729,1
116,20250730,1
116,20250731,1
116,20250801,1
116,20250804,1
116,20250805,1
116,20250806,1
116,20250807,1
116,20250808,1
116,20250811,1
116,20250812,1
116,20250813,1
116,20250814,1
116,20250815,1
117,20250620,1
117,20250621,1
117,20250622,1
117,20250623,1
117,20250624,1
117,20250625,1
117,20250626,1
117,20250627,1
117,20250628,1
117,20250629,1
117,20250630,1
117,20250701,1
117,20250702,1
117,20250703,1
117,20250704,1
117,20250705,1
117,20250706,1
117,20250712,1
117,20250713,1
117,20250719,1
117,20250720,1
117,20250726,1
117,20250727,1
117,20250801,1
117,20250802,1
117,20250803,1
117,20250804,1
117,20250805,1
117,20250806,1
117,20250807,1
117,20250808,1
117,20250809,1
117,20250810,1
117,20250811,1
117,20250812,1
117,20250813,1
117,20250814,1
117,20250815,1
117,20250816,1
117,20250817,1
118,20250529,1
118,20250530,1
118,20250531,1
119,20250529,1
119,20250530,1
119,20250531,1
119,20250601,1
119,20250602,1
119,20250603,1
119,20250604,1
119,20250605,1
119,20250606,1
119,20250607,1
119,20250609,1
119,20250610,1
119,20250611,1
119,20250612,1
119,20250613,1
120,20250616,1
120,20250617,1
120,20250618,1
120,20250621,1
120,20250622,1
120,20250623,1
120,20250624,1
120,20250625,1
120,20250626,1
120,20250627,1
120,20250628,1
120,20250629,1
120,20250630,1
120,20250701,1
120,20250702,1
120,20250703,1
120,20250704,1
120,20250705,1
120,20250706,1
120,20250707,1
120,20250708,1
120,20250709,1
120,20250710,1
120,20250711,1
120,20250712,1
120,20250713,1
120,20250714,1
120,20250715,1
120,20250716,1
120,20250717,1
120,20250718,1
120,20250719,1
120,20250720,1
120,20250721,1
120,20250722,1
120,20250723,1
120,20250724,1
120,20250725,1
120,20250726,1
120,20250727,1
120,20250728,1
120,20250729,1
120,20250730,1
120,20250801,1
120,20250802,1
120,20250803,1
120,20250804,1
120,20250805,1
120,20250806,1
120,20250807,1
120,20250808,1
120,20250809,1
120,20250810,1
120,20250811,1
120,20250812,1
120,20250813,1
120,20250814,1
120,20250815,1
120,20250816,1
120,20250817,1
121,20250702,1
121,20250703,1
121,20250704,1
121,20250707,1
121,20250708,1
121,20250709,1
121,20250710,1
121,20250711,1
121,20250714,1
121,20250715,1
121,20250716,1
121,20250717,1
121,20250718,1
121,20250721,1
121,20250722,1
121,20250723,1
121,20250724,1
121,20250725,1
121,20250728,1
121,20250729,1
121,20250730,1
121,20250801,1
121,20250804,1
121,20250805,1
121,20250806,1
121,20250807,1
121,20250808,1
121,20250811,1
121,20250812,1
121,20250813,1
121,20250814,1
121,20250815,1
122,20250702,1
122,20250703,1
122,20250704,1
122,20250705,1
122,20250706,1
122,20250712,1
122,20250713,1
122,20250719,1
122,20250720,1
122,20250726,1
122,20250727,1
122,20250801,1
122,20250802,1
122,20250803,1
122,20250804,1
122,20250805,1
122,20250806,1
122,20250807,1
122,20250808,1
122,20250809,1
122,20250810,1
122,20250811,1
122,20250812,1
122,20250813,1
122,20250814,1
122,20250815,1
122,20250816,1
122,20250817,1
123,20250701,1
123,20250702,1
123,20250703,1
123,20250704,1
123,20250705,1
123,20250706,1
123,20250707,1
123,20250708,1
123,20250709,1
123,20250710,1
123,20250711,1
123,20250712,1
123,20250713,1
123,20250714,1
123,20250715,1
123,20250716,1
123,20250717,1
123,20250718,1
123,20250719,1
123,20250720,1
123,20250721,1
123,20250722,1
123,20250723,1
123,20250724,1
123,20250725,1
123,20250726,1
123,20250727,1
123,20250728,1
123,20250729,1
123,20250730,1
123,20250801,1
123,20250802,1
123,20250803,1
123,20250804,1
123,20250805,1
123,20250806,1
123,20250807,1
123,20250808,1
123,20250809,1
123,20250810,1
123,20250811,1
123,20250812,1
123,20250813,1
123,20250814,1
123,20250815,1
123,20250816,1
123,20250817,1
